601,'5332',557,,910,2,,,0,70,,911,2,,,0,29,,912,2,,,0,70,,913,2,,,0,32,,905,2,,,0,70,,906,2,,,0,75,,907,2,,,0,30,,908,2,,,0,71,,918,2,,,0,30,,909,2,,,0,70,,914,2,,,0,30,,915,2,,,0,73,,916,2,,,0,30,,919,2,,,0,70,,917,2,,,0,30,,920,2,,,0,70,,921,2,,,0,30,,923,2,,,0,70,,922,2,,,0,30,,924,2,,,0,70,,925,2,,,0,31,,926,2,,,0,70,,927,2,,,0,30,,929,2,,,0,70,,928,2,,,0,30,,930,2,,,0,70,,932,2,,,0,21,,931,2,,,0,79,,933,2,,,0,29,,934,2,,,0,70,,944,2,,,0,30,,943,2,,,0,70,,942,2,,,0,30,,941,2,,,0,70,,940,2,,,0,30,,938,2,,,0,70,,939,2,,,0,30,,936,2,,,0,72,,935,2,,,0,30,,937,2,,,0
601,'5333',557,,1792,2,,,0,70,,1793,2,,,0,29,,1794,2,,,0,70,,1795,2,,,0,32,,1787,2,,,0,70,,1788,2,,,0,75,,1789,2,,,0,30,,1790,2,,,0,71,,1800,2,,,0,30,,1791,2,,,0,70,,1796,2,,,0,30,,1797,2,,,0,73,,1798,2,,,0,30,,1801,2,,,0,70,,1799,2,,,0,30,,1802,2,,,0,70,,1803,2,,,0,30,,1805,2,,,0,70,,1804,2,,,0,30,,1806,2,,,0,70,,1807,2,,,0,31,,1808,2,,,0,70,,1809,2,,,0,30,,1811,2,,,0,70,,1810,2,,,0,30,,1812,2,,,0,70,,1814,2,,,0,30,,1813,2,,,0,70,,1815,2,,,0,29,,1816,2,,,0,70,,1826,2,,,0,30,,1825,2,,,0,70,,1824,2,,,0,30,,1823,2,,,0,70,,1822,2,,,0,30,,1820,2,,,0,70,,1821,2,,,0,30,,1818,2,,,0,72,,1817,2,,,0,30,,1819,2,,,0
2001,'5332',548,,1298,2,,,0,70,,1296,2,,,0,29,,1299,2,,,0,70,,1297,2,,,0,30,,1302,2,,,0,70,,1301,2,,,0,31,,1300,2,,,0,70,,1303,2,,,0,30,,1304,2,,,0,70,,1305,2,,,0,30,,1306,2,,,0,70,,1307,2,,,0,34,,1308,2,,,0,70,,1311,2,,,0,30,,1310,2,,,0,70,,1309,2,,,0,29,,1312,2,,,0,70,,1314,2,,,0,30,,1315,2,,,0,69,,1313,2,,,0,30,,1316,2,,,0,70,,1317,2,,,0,30,,1318,2,,,0,70,,1319,2,,,0,30,,1320,2,,,0,70,,1321,2,,,0,31,,1323,2,,,0,70,,1322,2,,,0,30,,1324,2,,,0,70,,1325,2,,,0,30,,1326,2,,,0,70,,1338,2,,,0,30,,1337,2,,,0,70,,1336,2,,,0,28,,1335,2,,,0,70,,1334,2,,,0,30,,1333,2,,,0,70,,1332,2,,,0,30,,1331,2,,,0,67,,1329,2,,,0,30,,1328,2,,,0,70,,1330,2,,,0,30,,1340,2,,,0,70,,1327,2,,,0
2001,'5333',548,,1995,2,,,0,70,,1993,2,,,0,29,,1996,2,,,0,70,,1994,2,,,0,30,,1999,2,,,0,70,,1998,2,,,0,31,,1997,2,,,0,70,,2000,2,,,0,30,,2001,2,,,0,70,,2002,2,,,0,30,,2003,2,,,0,70,,2004,2,,,0,34,,2005,2,,,0,70,,2008,2,,,0,30,,2007,2,,,0,70,,2006,2,,,0,29,,2009,2,,,0,70,,2011,2,,,0,30,,2012,2,,,0,69,,2010,2,,,0,30,,2013,2,,,0,70,,2014,2,,,0,30,,2015,2,,,0,70,,2016,2,,,0,30,,2017,2,,,0,70,,2018,2,,,0,31,,2020,2,,,0,70,,2019,2,,,0,30,,2021,2,,,0,70,,2022,2,,,0,30,,2023,2,,,0,70,,2035,2,,,0,30,,2034,2,,,0,70,,2033,2,,,0,28,,2032,2,,,0,70,,2031,2,,,0,30,,2030,2,,,0,70,,2029,2,,,0,30,,2028,2,,,0,67,,2026,2,,,0,30,,2025,2,,,0,70,,2027,2,,,0,30,,2037,2,,,0,70,,2024,2,,,0
2101,'5332',705,,1440,2,,,0,30,,1460,2,,,0,70,,1442,2,,,0,33,,1461,2,,,0,70,,1444,2,,,0,30,,1463,2,,,0,70,,1441,2,,,0,30,,1462,2,,,0,70,,1446,2,,,0,29,,1464,2,,,0,73,,1443,2,,,0,30,,1467,2,,,0,70,,1445,2,,,0,30,,1468,2,,,0,70,,1447,2,,,0,30,,1466,2,,,0,67,,1448,2,,,0,30,,1465,2,,,0,70,,1449,2,,,0,30,,1469,2,,,0,70,,1450,2,,,0,31,,1470,2,,,0,70,,1451,2,,,0,32,,1471,2,,,0,70,,1452,2,,,0,30,,1472,2,,,0,70,,1453,2,,,0,30,,1473,2,,,0,70,,1458,2,,,0,30,,1474,2,,,0,70,,1457,2,,,0,30,,1475,2,,,0,70,,1456,2,,,0,30,,1459,2,,,0,70,,1454,2,,,0,96,,1455,2,,,0
2101,'5333',705,,2074,2,,,0,30,,2094,2,,,0,70,,2076,2,,,0,33,,2095,2,,,0,70,,2078,2,,,0,30,,2097,2,,,0,70,,2075,2,,,0,30,,2096,2,,,0,70,,2080,2,,,0,29,,2098,2,,,0,73,,2077,2,,,0,30,,2101,2,,,0,70,,2079,2,,,0,30,,2102,2,,,0,70,,2081,2,,,0,30,,2100,2,,,0,67,,2082,2,,,0,30,,2099,2,,,0,70,,2083,2,,,0,30,,2103,2,,,0,70,,2084,2,,,0,31,,2104,2,,,0,70,,2085,2,,,0,32,,2105,2,,,0,70,,2086,2,,,0,30,,2106,2,,,0,70,,2087,2,,,0,30,,2107,2,,,0,70,,2092,2,,,0,30,,2108,2,,,0,70,,2091,2,,,0,30,,2109,2,,,0,70,,2090,2,,,0,30,,2093,2,,,0,70,,2088,2,,,0,96,,2089,2,,,0
3000,'5332',609,,1506,2,0,5,0,30,,1498,2,0,5,0,1314,,1505,2,,,0,70,,1507,2,,,0,30,,1497,2,,,0,70,,1508,2,,,0,30,,1510,2,,,0,70,,1509,2,,,0,30,,1511,2,,,0,70,,1504,2,,,0,30,,1512,2,,,0,70,,1500,2,,,0,30,,1502,2,,,0,70,,1501,2,,,0,35,,1503,2,,,0,72,,1496,2,,,0,82,,1499,2,,,0
3000,'5333',609,,2120,2,0,5,0,30,,2112,2,0,5,0,1314,,2119,2,,,0,70,,2121,2,,,0,30,,2111,2,,,0,70,,2122,2,,,0,30,,2124,2,,,0,70,,2123,2,,,0,30,,2125,2,,,0,70,,2118,2,,,0,30,,2126,2,,,0,70,,2114,2,,,0,30,,2116,2,,,0,70,,2115,2,,,0,35,,2117,2,,,0,72,,2110,2,,,0,82,,2113,2,,,0
3100,'5332',717,,1577,2,,,0,34,,1586,2,,,0,70,,1582,2,,,0,38,,1584,2,,,0,81,,1580,2,,,0,85,,1569,2,,,0,81,,1570,2,,,0,41,,1571,2,,,0,81,,1576,2,,,0,81,,1581,2,,,0,41,,1579,2,,,0,81,,1572,2,,,0,76,,1573,2,,,0,30,,1588,2,,,0,70,,1585,2,,,0,31,,1583,2,,,0,70,,1587,2,,,0,47,,1575,2,,,0,75,,1578,2,,,0,81,,1574,2,,,0
3100,'5333',717,,2151,2,,,0,34,,2160,2,,,0,70,,2156,2,,,0,38,,2158,2,,,0,81,,2154,2,,,0,85,,2143,2,,,0,81,,2144,2,,,0,41,,2145,2,,,0,81,,2150,2,,,0,81,,2155,2,,,0,41,,2153,2,,,0,81,,2146,2,,,0,76,,2147,2,,,0,30,,2162,2,,,0,70,,2159,2,,,0,31,,2157,2,,,0,70,,2161,2,,,0,47,,2149,2,,,0,75,,2152,2,,,0,81,,2148,2,,,0
3200,'5332',707,,1661,2,,,0,30,,1662,2,,,0,70,,1654,2,,,0,30,,1655,2,,,0,680,,1656,2,,,0,30,,1658,2,,,0,70,,1663,2,,,0,30,,1659,2,,,0,70,,1657,2,,,0,25,,1660,2,,,0
3200,'5333',707,,2193,2,,,0,30,,2194,2,,,0,70,,2186,2,,,0,30,,2187,2,,,0,680,,2188,2,,,0,30,,2190,2,,,0,70,,2195,2,,,0,30,,2191,2,,,0,70,,2189,2,,,0,25,,2192,2,,,0
24002001,'5332',1735,,1752,2,,,0
24002001,'5333',1735,,2208,2,,,0
