601,'5332',558,,910,3,,,0,70,,911,3,,,0,29,,912,3,,,0,70,,913,3,,,0,32,,905,3,,,0,70,,906,3,,,0,75,,907,3,,,0,30,,908,3,,,0,70,,918,3,,,0,30,,909,3,,,0,70,,914,3,,,0,30,,915,3,,,0,73,,916,3,,,0,30,,919,3,,,0,70,,917,3,,,0,30,,920,3,,,0,70,,921,3,,,0,30,,923,3,,,0,70,,922,3,,,0,30,,924,3,,,0,70,,925,3,,,0,31,,926,3,,,0,70,,927,3,,,0,30,,929,3,,,0,70,,928,3,,,0,30,,930,3,,,0,70,,932,3,,,0,21,,931,3,,,0,79,,933,3,,,0,30,,934,3,,,0,70,,944,3,,,0,30,,943,3,,,0,70,,942,3,,,0,30,,941,3,,,0,70,,940,3,,,0,30,,938,3,,,0,70,,939,3,,,0,30,,936,3,,,0,72,,935,3,,,0,30,,937,3,,,0
601,'5333',558,,1792,3,,,0,70,,1793,3,,,0,29,,1794,3,,,0,70,,1795,3,,,0,32,,1787,3,,,0,70,,1788,3,,,0,75,,1789,3,,,0,30,,1790,3,,,0,70,,1800,3,,,0,30,,1791,3,,,0,70,,1796,3,,,0,30,,1797,3,,,0,73,,1798,3,,,0,30,,1801,3,,,0,70,,1799,3,,,0,30,,1802,3,,,0,70,,1803,3,,,0,30,,1805,3,,,0,70,,1804,3,,,0,30,,1806,3,,,0,70,,1807,3,,,0,31,,1808,3,,,0,70,,1809,3,,,0,30,,1811,3,,,0,70,,1810,3,,,0,30,,1812,3,,,0,70,,1814,3,,,0,30,,1813,3,,,0,70,,1815,3,,,0,30,,1816,3,,,0,70,,1826,3,,,0,30,,1825,3,,,0,70,,1824,3,,,0,30,,1823,3,,,0,70,,1822,3,,,0,30,,1820,3,,,0,70,,1821,3,,,0,30,,1818,3,,,0,72,,1817,3,,,0,30,,1819,3,,,0
1000,'5332',548,,1086,16,,,0,64,,1056,16,,,0,24,,1094,16,,,0,64,,1059,16,,,0,25,,1057,16,,,0,25,,1058,16,,,0,66,,1061,16,,,0,25,,1093,16,,,0,64,,1060,16,,,0,26,,1064,16,,,0,25,,1090,16,,,0,65,,1062,16,,,0,25,,1066,16,,,0,65,,1065,16,,,0,25,,1063,16,,,0,65,,1067,16,,,0,29,,1068,19,0,5,0,25,,1069,19,0,5,0,65,,1070,19,0,5,0,27,,1071,19,0,5,0,65,,1073,19,0,5,0,26,,1074,19,0,5,0,68,,1072,19,0,5,0,25,,1075,19,0,5,0,20,,1077,19,0,5,0,61,,1076,19,0,5,0,20,,1092,19,0,5,0,21,,1080,19,0,5,0,60,,1079,19,0,5,0,25,,1091,19,0,5,0,65,,1081,19,0,5,0,30,,1083,19,0,5,0,26,,1082,19,0,5,0,64,,1085,19,0,5,0,28,,1084,19,0,5,0,69,,1078,19,0,5,0,24,,1088,19,0,5,0,65,,1087,19,0,5,0,30,,1089,19,0,5,0,84,,1095,19,0,5,0
1000,'5333',548,,1899,16,,,0,64,,1869,16,,,0,24,,1907,16,,,0,64,,1872,16,,,0,25,,1870,16,,,0,25,,1871,16,,,0,66,,1874,16,,,0,25,,1906,16,,,0,64,,1873,16,,,0,26,,1877,16,,,0,25,,1903,16,,,0,65,,1875,16,,,0,25,,1879,16,,,0,65,,1878,16,,,0,25,,1876,16,,,0,65,,1880,16,,,0,29,,1881,19,0,5,0,25,,1882,19,0,5,0,65,,1883,19,0,5,0,27,,1884,19,0,5,0,65,,1886,19,0,5,0,26,,1887,19,0,5,0,68,,1885,19,0,5,0,25,,1888,19,0,5,0,20,,1890,19,0,5,0,61,,1889,19,0,5,0,20,,1905,19,0,5,0,21,,1893,19,0,5,0,60,,1892,19,0,5,0,25,,1904,19,0,5,0,65,,1894,19,0,5,0,30,,1896,19,0,5,0,26,,1895,19,0,5,0,64,,1898,19,0,5,0,28,,1897,19,0,5,0,69,,1891,19,0,5,0,24,,1901,19,0,5,0,65,,1900,19,0,5,0,30,,1902,19,0,5,0,84,,1908,19,0,5,0
3000,'5332',609,,1506,3,0,5,0,30,,1498,3,0,5,0,1314,,1505,3,,,0,70,,1507,3,,,0,30,,1497,3,,,0,70,,1508,3,,,0,30,,1510,3,,,0,70,,1509,3,,,0,30,,1511,3,,,0,70,,1504,3,,,0,30,,1512,3,,,0,70,,1500,3,,,0,30,,1502,3,,,0,70,,1501,3,,,0,35,,1503,3,,,0,72,,1496,3,,,0,82,,1499,3,,,0
3000,'5333',609,,2120,3,0,5,0,30,,2112,3,0,5,0,1314,,2119,3,,,0,70,,2121,3,,,0,30,,2111,3,,,0,70,,2122,3,,,0,30,,2124,3,,,0,70,,2123,3,,,0,30,,2125,3,,,0,70,,2118,3,,,0,30,,2126,3,,,0,70,,2114,3,,,0,30,,2116,3,,,0,70,,2115,3,,,0,35,,2117,3,,,0,72,,2110,3,,,0,82,,2113,3,,,0
3100,'5332',717,,1577,3,,,0,34,,1586,3,,,0,70,,1582,3,,,0,38,,1584,3,,,0,81,,1580,3,,,0,85,,1569,3,,,0,81,,1570,3,,,0,41,,1571,3,,,0,81,,1576,3,,,0,81,,1581,3,,,0,41,,1579,3,,,0,81,,1572,3,,,0,77,,1573,3,,,0,30,,1588,3,,,0,70,,1585,3,,,0,31,,1583,3,,,0,70,,1587,3,,,0,46,,1575,3,,,0,75,,1578,3,,,0,81,,1574,3,,,0
3100,'5333',717,,2151,3,,,0,34,,2160,3,,,0,70,,2156,3,,,0,38,,2158,3,,,0,81,,2154,3,,,0,85,,2143,3,,,0,81,,2144,3,,,0,41,,2145,3,,,0,81,,2150,3,,,0,81,,2155,3,,,0,41,,2153,3,,,0,81,,2146,3,,,0,77,,2147,3,,,0,30,,2162,3,,,0,70,,2159,3,,,0,31,,2157,3,,,0,70,,2161,3,,,0,46,,2149,3,,,0,75,,2152,3,,,0,81,,2148,3,,,0
3200,'5332',707,,1661,3,,,0,30,,1662,3,,,0,71,,1654,3,,,0,30,,1655,3,,,0,680,,1656,3,,,0,30,,1658,3,,,0,70,,1663,3,,,0,30,,1659,3,,,0,70,,1657,3,,,0,25,,1660,3,,,0
3200,'5333',707,,2193,3,,,0,30,,2194,3,,,0,71,,2186,3,,,0,30,,2187,3,,,0,680,,2188,3,,,0,30,,2190,3,,,0,70,,2195,3,,,0,30,,2191,3,,,0,70,,2189,3,,,0,25,,2192,3,,,0
