2000,'5332',540,,1206,22,4,,0,70,,1209,22,4,,0,29,,1207,22,4,,0,70,,1208,22,4,,0,30,,1212,22,4,,0,70,,1211,22,4,,0,30,,1210,22,4,,0,70,,1213,22,4,,0,31,,1215,22,4,,0,69,,1214,22,4,,0,30,,1216,22,4,,0,69,,1218,22,4,,0,30,,1217,22,4,,0,1199,,1244,22,4,,0,69,,1243,22,4,,0,30,,1242,22,4,,0,70,,1241,22,4,,0,30,,1238,22,4,,0,66,,1240,22,4,,0,27,,1237,22,4,,0,30,,1239,22,4,,0
2000,'5333',540,,1949,22,4,,0,70,,1952,22,4,,0,29,,1950,22,4,,0,70,,1951,22,4,,0,30,,1955,22,4,,0,70,,1954,22,4,,0,30,,1953,22,4,,0,70,,1956,22,4,,0,31,,1958,22,4,,0,69,,1957,22,4,,0,30,,1959,22,4,,0,69,,1961,22,4,,0,30,,1960,22,4,,0,1199,,1987,22,4,,0,69,,1986,22,4,,0,30,,1985,22,4,,0,70,,1984,22,4,,0,30,,1981,22,4,,0,66,,1983,22,4,,0,27,,1980,22,4,,0,30,,1982,22,4,,0
2001,'5332',547,,1298,1,,,0,70,,1296,1,,,0,29,,1299,1,,,0,70,,1297,1,,,0,30,,1302,1,,,0,70,,1301,1,,,0,31,,1300,1,,,0,70,,1303,1,,,0,30,,1304,1,,,0,70,,1305,1,,,0,30,,1306,1,,,0,70,,1307,1,,,0,34,,1308,1,,,0,70,,1311,1,,,0,30,,1310,1,,,0,70,,1309,1,,,0,29,,1312,1,,,0,70,,1314,1,,,0,30,,1315,1,,,0,69,,1313,1,,,0,30,,1316,1,,,0,70,,1317,1,,,0,30,,1318,1,,,0,70,,1319,1,,,0,30,,1320,1,,,0,70,,1321,1,,,0,31,,1323,1,,,0,70,,1322,1,,,0,30,,1324,1,,,0,70,,1325,1,,,0,30,,1326,1,,,0,70,,1338,1,,,0,30,,1337,1,,,0,70,,1336,1,,,0,28,,1335,1,,,0,70,,1334,1,,,0,30,,1333,1,,,0,70,,1332,1,,,0,30,,1331,1,,,0,67,,1329,1,,,0,30,,1328,1,,,0,70,,1330,1,,,0,30,,1340,1,,,0,70,,1327,1,,,0
2001,'5333',547,,1995,1,,,0,70,,1993,1,,,0,29,,1996,1,,,0,70,,1994,1,,,0,30,,1999,1,,,0,70,,1998,1,,,0,31,,1997,1,,,0,70,,2000,1,,,0,30,,2001,1,,,0,70,,2002,1,,,0,30,,2003,1,,,0,70,,2004,1,,,0,34,,2005,1,,,0,70,,2008,1,,,0,30,,2007,1,,,0,70,,2006,1,,,0,29,,2009,1,,,0,70,,2011,1,,,0,30,,2012,1,,,0,69,,2010,1,,,0,30,,2013,1,,,0,70,,2014,1,,,0,30,,2015,1,,,0,70,,2016,1,,,0,30,,2017,1,,,0,70,,2018,1,,,0,31,,2020,1,,,0,70,,2019,1,,,0,30,,2021,1,,,0,70,,2022,1,,,0,30,,2023,1,,,0,70,,2035,1,,,0,30,,2034,1,,,0,70,,2033,1,,,0,28,,2032,1,,,0,70,,2031,1,,,0,30,,2030,1,,,0,70,,2029,1,,,0,30,,2028,1,,,0,67,,2026,1,,,0,30,,2025,1,,,0,70,,2027,1,,,0,30,,2037,1,,,0,70,,2024,1,,,0
2100,'5332',748,,1373,20,4,,0,70,,1391,20,4,,0,30,,1375,20,4,,0,72,,1393,20,4,,0,30,,1376,20,4,,0,70,,1394,20,4,,0,30,,1374,20,4,,0,70,,1395,20,4,,0,30,,1378,20,4,,0,70,,1398,20,4,,0,33,,1377,20,4,,0,70,,1397,20,4,,0,30,,1379,20,4,,0,70,,1400,20,4,,0,31,,1380,20,4,,0,70,,1396,20,4,,0,30,,1381,20,4,,0,70,,1399,20,4,,0,30,,1382,20,4,,0,70,,1401,20,4,,0,30,,1383,20,4,,0,70,,1402,20,4,,0,28,,1384,20,4,,0,70,,1403,20,4,,0,30,,1385,20,4,,0,70,,1405,20,4,,0,30,,1386,20,4,,0,70,,1404,20,4,,0,30,,1390,20,4,,0,70,,1406,20,4,,0,30,,1389,20,4,,0,70,,1407,20,4,,0,29,,1388,20,4,,0,69,,1392,20,4,,0,30,,1387,20,4,,0
2100,'5333',748,,2039,20,4,,0,70,,2057,20,4,,0,30,,2041,20,4,,0,72,,2059,20,4,,0,30,,2042,20,4,,0,70,,2060,20,4,,0,30,,2040,20,4,,0,70,,2061,20,4,,0,30,,2044,20,4,,0,70,,2064,20,4,,0,33,,2043,20,4,,0,70,,2063,20,4,,0,30,,2045,20,4,,0,70,,2066,20,4,,0,31,,2046,20,4,,0,70,,2062,20,4,,0,30,,2047,20,4,,0,70,,2065,20,4,,0,30,,2048,20,4,,0,70,,2067,20,4,,0,30,,2049,20,4,,0,70,,2068,20,4,,0,28,,2050,20,4,,0,70,,2069,20,4,,0,30,,2051,20,4,,0,70,,2071,20,4,,0,30,,2052,20,4,,0,70,,2070,20,4,,0,30,,2056,20,4,,0,70,,2072,20,4,,0,30,,2055,20,4,,0,70,,2073,20,4,,0,29,,2054,20,4,,0,69,,2058,20,4,,0,30,,2053,20,4,,0
2101,'5332',704,,1440,1,,,0,30,,1460,1,,,0,70,,1442,1,,,0,33,,1461,1,,,0,70,,1444,1,,,0,30,,1463,1,,,0,70,,1441,1,,,0,30,,1462,1,,,0,70,,1446,1,,,0,29,,1464,1,,,0,73,,1443,1,,,0,30,,1467,1,,,0,70,,1445,1,,,0,30,,1468,1,,,0,70,,1447,1,,,0,30,,1466,1,,,0,67,,1448,1,,,0,30,,1465,1,,,0,70,,1449,1,,,0,30,,1469,1,,,0,70,,1450,1,,,0,31,,1470,1,,,0,70,,1451,1,,,0,32,,1471,1,,,0,70,,1452,1,,,0,30,,1472,1,,,0,70,,1453,1,,,0,30,,1473,1,,,0,70,,1458,1,,,0,30,,1474,1,,,0,70,,1457,1,,,0,30,,1475,1,,,0,70,,1456,1,,,0,30,,1459,1,,,0,70,,1454,1,,,0,96,,1455,1,,,0
2101,'5333',704,,2074,1,,,0,30,,2094,1,,,0,70,,2076,1,,,0,33,,2095,1,,,0,70,,2078,1,,,0,30,,2097,1,,,0,70,,2075,1,,,0,30,,2096,1,,,0,70,,2080,1,,,0,29,,2098,1,,,0,73,,2077,1,,,0,30,,2101,1,,,0,70,,2079,1,,,0,30,,2102,1,,,0,70,,2081,1,,,0,30,,2100,1,,,0,67,,2082,1,,,0,30,,2099,1,,,0,70,,2083,1,,,0,30,,2103,1,,,0,70,,2084,1,,,0,31,,2104,1,,,0,70,,2085,1,,,0,32,,2105,1,,,0,70,,2086,1,,,0,30,,2106,1,,,0,70,,2087,1,,,0,30,,2107,1,,,0,70,,2092,1,,,0,30,,2108,1,,,0,70,,2091,1,,,0,30,,2109,1,,,0,70,,2090,1,,,0,30,,2093,1,,,0,70,,2088,1,,,0,96,,2089,1,,,0
24002000,'5332',1730,,1730,25,4,,0
24002000,'5333',1730,,2207,25,4,,0
24002001,'5332',1734,,1752,1,,,0
24002001,'5333',1734,,2208,1,,,0
