1000,'5332',533,,1086,1,,,0,24,,1056,1,,,0,63,,1094,1,,,0,23,,1059,1,,,0,64,,1057,1,,,0,25,,1058,1,,,0,25,,1061,1,,,0,65,,1093,1,,,0,26,,1060,1,,,0,66,,1064,1,,,0,25,,1090,1,,,0,65,,1062,1,,,0,25,,1066,1,,,0,25,,1065,1,,,0,65,,1063,1,,,0,25,,1067,1,,,0,65,,1068,1,0,5,0,25,,1069,1,0,5,0,25,,1070,1,0,5,0,67,,1071,1,0,5,0,25,,1073,1,0,5,0,66,,1074,1,0,5,0,28,,1072,1,0,5,0,65,,1075,1,0,5,0,20,,1077,1,0,5,0,21,,1076,1,0,5,0,60,,1092,1,0,5,0,21,,1080,1,0,5,0,20,,1079,1,0,5,0,65,,1091,1,0,5,0,25,,1081,1,0,5,0,70,,1083,1,0,5,0,26,,1082,1,0,5,0,65,,1085,1,0,5,0,28,,1084,1,0,5,0,69,,1078,1,0,5,0,25,,1088,1,0,5,0,25,,1087,1,0,5,0,70,,1089,1,0,5,0,84,,1095,1,0,5,0
1000,'5333',533,,1899,1,,,0,24,,1869,1,,,0,63,,1907,1,,,0,23,,1872,1,,,0,64,,1870,1,,,0,25,,1871,1,,,0,25,,1874,1,,,0,65,,1906,1,,,0,26,,1873,1,,,0,66,,1877,1,,,0,25,,1903,1,,,0,65,,1875,1,,,0,25,,1879,1,,,0,25,,1878,1,,,0,65,,1876,1,,,0,25,,1880,1,,,0,65,,1881,1,0,5,0,25,,1882,1,0,5,0,25,,1883,1,0,5,0,67,,1884,1,0,5,0,25,,1886,1,0,5,0,66,,1887,1,0,5,0,28,,1885,1,0,5,0,65,,1888,1,0,5,0,20,,1890,1,0,5,0,21,,1889,1,0,5,0,60,,1905,1,0,5,0,21,,1893,1,0,5,0,20,,1892,1,0,5,0,65,,1904,1,0,5,0,25,,1894,1,0,5,0,70,,1896,1,0,5,0,26,,1895,1,0,5,0,65,,1898,1,0,5,0,28,,1897,1,0,5,0,69,,1891,1,0,5,0,25,,1901,1,0,5,0,25,,1900,1,0,5,0,70,,1902,1,0,5,0,84,,1908,1,0,5,0
2000,'5332',519,,1206,1,,,0,29,,1209,1,,,0,67,,1207,1,,,0,30,,1208,1,,,0,70,,1212,1,,,0,30,,1211,1,,,0,70,,1210,1,,,0,30,,1213,1,,,0,71,,1215,1,,,0,29,,1214,1,,,0,70,,1216,1,,,0,30,,1218,1,,,0,70,,1217,1,,,0,30,,1249,1,,,0,70,,1220,1,,,0,30,,1221,1,,,0,70,,1219,1,,,0,30,,1222,1,,,0,70,,1225,1,,,0,31,,1224,1,,,0,70,,1223,1,,,0,30,,1226,1,,,0,70,,1227,1,,,0,30,,1228,1,,,0,70,,1229,1,,,0,30,,1230,1,,,0,69,,1231,1,,,0,29,,1233,1,,,0,70,,1232,1,,,0,30,,1236,1,,,0,70,,1234,1,,,0,30,,1235,1,,,0,70,,1248,1,,,0,30,,1247,1,,,0,70,,1246,1,,,0,30,,1245,1,,,0,72,,1244,1,,,0,29,,1243,1,,,0,70,,1242,1,,,0,30,,1241,1,,,0,70,,1238,1,,,0,26,,1240,1,,,0,67,,1237,1,,,0,30,,1239,1,,,0
2000,'5333',519,,1949,1,,,0,29,,1952,1,,,0,67,,1950,1,,,0,30,,1951,1,,,0,70,,1955,1,,,0,30,,1954,1,,,0,70,,1953,1,,,0,30,,1956,1,,,0,71,,1958,1,,,0,29,,1957,1,,,0,70,,1959,1,,,0,30,,1961,1,,,0,70,,1960,1,,,0,30,,1992,1,,,0,70,,1963,1,,,0,30,,1964,1,,,0,70,,1962,1,,,0,30,,1965,1,,,0,70,,1968,1,,,0,31,,1967,1,,,0,70,,1966,1,,,0,30,,1969,1,,,0,70,,1970,1,,,0,30,,1971,1,,,0,70,,1972,1,,,0,30,,1973,1,,,0,69,,1974,1,,,0,29,,1976,1,,,0,70,,1975,1,,,0,30,,1979,1,,,0,70,,1977,1,,,0,30,,1978,1,,,0,70,,1991,1,,,0,30,,1990,1,,,0,70,,1989,1,,,0,30,,1988,1,,,0,72,,1987,1,,,0,29,,1986,1,,,0,70,,1985,1,,,0,30,,1984,1,,,0,70,,1981,1,,,0,26,,1983,1,,,0,67,,1980,1,,,0,30,,1982,1,,,0
2001,'5332',519,,1341,7,4,,0,29,,1339,7,4,,0,63,,1298,24,4,,0,30,,1296,24,4,,0,70,,1299,24,4,,0,30,,1297,24,4,,0,70,,1302,24,4,,0,30,,1301,24,4,,0,70,,1300,24,4,,0,30,,1303,24,4,,0,70,,1304,24,4,,0,30,,1305,24,4,,0,70,,1306,24,4,,0,30,,1307,24,4,,0,70,,1308,17,4,,0,30,,1311,17,4,,0,70,,1310,17,4,,0,30,,1309,17,4,,0,70,,1312,17,4,,0,31,,1314,17,4,,0,70,,1315,17,4,,0,30,,1313,17,4,,0,70,,1316,17,4,,0,30,,1317,17,4,,0,70,,1318,17,4,,0,30,,1319,17,4,,0,69,,1320,17,4,,0,29,,1321,17,4,,0,70,,1323,17,4,,0,30,,1322,17,4,,0,70,,1324,17,4,,0,30,,1325,17,4,,0,70,,1326,18,4,,0,30,,1338,18,4,,0,70,,1337,18,4,,0,30,,1336,18,4,,0,73,,1335,25,4,,0,29,,1334,25,4,,0,70,,1333,25,4,,0,30,,1332,25,4,,0,70,,1331,25,4,,0,26,,1329,25,4,,0,70,,1328,25,4,,0,30,,1330,25,4,,0,70,,1340,25,4,,0,30,,1327,25,4,,0
2001,'5333',519,,2038,7,4,,0,29,,2036,7,4,,0,63,,1995,24,4,,0,30,,1993,24,4,,0,70,,1996,24,4,,0,30,,1994,24,4,,0,70,,1999,24,4,,0,30,,1998,24,4,,0,70,,1997,24,4,,0,30,,2000,24,4,,0,70,,2001,24,4,,0,30,,2002,24,4,,0,70,,2003,24,4,,0,30,,2004,24,4,,0,70,,2005,17,4,,0,30,,2008,17,4,,0,70,,2007,17,4,,0,30,,2006,17,4,,0,70,,2009,17,4,,0,31,,2011,17,4,,0,70,,2012,17,4,,0,30,,2010,17,4,,0,70,,2013,17,4,,0,30,,2014,17,4,,0,70,,2015,17,4,,0,30,,2016,17,4,,0,69,,2017,17,4,,0,29,,2018,17,4,,0,70,,2020,17,4,,0,30,,2019,17,4,,0,70,,2021,17,4,,0,30,,2022,17,4,,0,70,,2023,18,4,,0,30,,2035,18,4,,0,70,,2034,18,4,,0,30,,2033,18,4,,0,73,,2032,25,4,,0,29,,2031,25,4,,0,70,,2030,25,4,,0,30,,2029,25,4,,0,70,,2028,25,4,,0,26,,2026,25,4,,0,70,,2025,25,4,,0,30,,2027,25,4,,0,70,,2037,25,4,,0,30,,2024,25,4,,0
24002000,'5332',1702,,1730,1,,,0
24002000,'5333',1702,,2207,1,,,0
24002001,'5332',1753,,1752,13,4,,0
24002001,'5333',1753,,2208,13,4,,0
