601,'5332',611,,910,18,,,0,30,,911,18,,,0,69,,912,18,,,0,30,,913,18,,,0,72,,905,18,,,0,30,,906,18,,,0,75,,907,18,,,0,30,,908,18,,,0,71,,918,18,,,0,30,,909,18,,,0,70,,914,18,,,0,30,,915,18,,,0,73,,916,18,,,0,30,,919,18,,,0,70,,917,18,,,0,30,,920,18,,,0,70,,921,18,,,0,30,,923,18,,,0,70,,922,18,,,0,32,,924,18,,,0,70,,925,18,,,0,31,,926,18,,,0,68,,927,18,,,0,30,,929,18,,,0,70,,928,18,,,0,30,,930,18,,,0,70,,932,18,,,0,21,,931,18,,,0,79,,933,18,,,0,29,,934,18,,,0,70,,944,18,,,0,30,,943,18,,,0,70,,942,18,,,0,30,,941,18,,,0,70,,940,18,,,0,30,,938,18,,,0,70,,939,18,,,0,30,,936,18,,,0,72,,935,18,,,0,30,,937,18,,,0
601,'5333',611,,1792,18,,,0,30,,1793,18,,,0,69,,1794,18,,,0,30,,1795,18,,,0,72,,1787,18,,,0,30,,1788,18,,,0,75,,1789,18,,,0,30,,1790,18,,,0,71,,1800,18,,,0,30,,1791,18,,,0,70,,1796,18,,,0,30,,1797,18,,,0,73,,1798,18,,,0,30,,1801,18,,,0,70,,1799,18,,,0,30,,1802,18,,,0,70,,1803,18,,,0,30,,1805,18,,,0,70,,1804,18,,,0,32,,1806,18,,,0,70,,1807,18,,,0,31,,1808,18,,,0,68,,1809,18,,,0,30,,1811,18,,,0,70,,1810,18,,,0,30,,1812,18,,,0,70,,1814,18,,,0,30,,1813,18,,,0,70,,1815,18,,,0,29,,1816,18,,,0,70,,1826,18,,,0,30,,1825,18,,,0,70,,1824,18,,,0,30,,1823,18,,,0,70,,1822,18,,,0,30,,1820,18,,,0,70,,1821,18,,,0,30,,1818,18,,,0,72,,1817,18,,,0,30,,1819,18,,,0
2000,'5332',539,,1206,21,,,0,70,,1209,21,,,0,29,,1207,21,,,0,70,,1208,21,,,0,30,,1212,21,,,0,70,,1211,21,,,0,30,,1210,21,,,0,70,,1213,21,,,0,31,,1215,21,,,0,69,,1214,21,,,0,30,,1216,21,,,0,69,,1218,21,,,0,30,,1217,21,,,0,75,,1249,28,,,0,30,,1220,28,,,0,70,,1221,28,,,0,30,,1219,28,,,0,70,,1222,28,,,0,30,,1225,28,,,0,72,,1224,28,,,0,30,,1223,28,,,0,70,,1226,28,,,0,30,,1227,28,,,0,70,,1228,28,,,0,30,,1229,28,,,0,70,,1230,28,,,0,29,,1231,28,,,0,67,,1233,28,,,0,30,,1232,28,,,0,70,,1236,28,,,0,30,,1234,28,,,0,70,,1235,28,,,0,30,,1248,28,,,0,70,,1247,28,,,0,30,,1246,28,,,0,70,,1245,28,,,0,26,,1244,21,,,0,69,,1243,21,,,0,30,,1242,21,,,0,70,,1241,21,,,0,30,,1238,21,,,0,66,,1240,21,,,0,27,,1237,21,,,0,30,,1239,21,,,0
2000,'5333',539,,1949,21,,,0,70,,1952,21,,,0,29,,1950,21,,,0,70,,1951,21,,,0,30,,1955,21,,,0,70,,1954,21,,,0,30,,1953,21,,,0,70,,1956,21,,,0,31,,1958,21,,,0,69,,1957,21,,,0,30,,1959,21,,,0,69,,1961,21,,,0,30,,1960,21,,,0,75,,1992,28,,,0,30,,1963,28,,,0,70,,1964,28,,,0,30,,1962,28,,,0,70,,1965,28,,,0,30,,1968,28,,,0,72,,1967,28,,,0,30,,1966,28,,,0,70,,1969,28,,,0,30,,1970,28,,,0,70,,1971,28,,,0,30,,1972,28,,,0,70,,1973,28,,,0,29,,1974,28,,,0,67,,1976,28,,,0,30,,1975,28,,,0,70,,1979,28,,,0,30,,1977,28,,,0,70,,1978,28,,,0,30,,1991,28,,,0,70,,1990,28,,,0,30,,1989,28,,,0,70,,1988,28,,,0,26,,1987,21,,,0,69,,1986,21,,,0,30,,1985,21,,,0,70,,1984,21,,,0,30,,1981,21,,,0,66,,1983,21,,,0,27,,1980,21,,,0,30,,1982,21,,,0
2100,'5332',747,,1373,19,,,0,70,,1391,19,,,0,30,,1375,19,,,0,72,,1393,19,,,0,30,,1376,19,,,0,70,,1394,19,,,0,30,,1374,19,,,0,70,,1395,19,,,0,30,,1378,19,,,0,70,,1398,19,,,0,33,,1377,19,,,0,70,,1397,19,,,0,30,,1379,19,,,0,70,,1400,19,,,0,31,,1380,19,,,0,70,,1396,19,,,0,30,,1381,19,,,0,70,,1399,19,,,0,30,,1382,19,,,0,70,,1401,19,,,0,30,,1383,19,,,0,70,,1402,19,,,0,28,,1384,19,,,0,70,,1403,19,,,0,30,,1385,19,,,0,70,,1405,19,,,0,30,,1386,19,,,0,70,,1404,19,,,0,30,,1390,19,,,0,70,,1406,19,,,0,30,,1389,19,,,0,70,,1407,19,,,0,29,,1388,19,,,0,69,,1392,19,,,0,30,,1387,19,,,0
2100,'5333',747,,2039,19,,,0,70,,2057,19,,,0,30,,2041,19,,,0,72,,2059,19,,,0,30,,2042,19,,,0,70,,2060,19,,,0,30,,2040,19,,,0,70,,2061,19,,,0,30,,2044,19,,,0,70,,2064,19,,,0,33,,2043,19,,,0,70,,2063,19,,,0,30,,2045,19,,,0,70,,2066,19,,,0,31,,2046,19,,,0,70,,2062,19,,,0,30,,2047,19,,,0,70,,2065,19,,,0,30,,2048,19,,,0,70,,2067,19,,,0,30,,2049,19,,,0,70,,2068,19,,,0,28,,2050,19,,,0,70,,2069,19,,,0,30,,2051,19,,,0,70,,2071,19,,,0,30,,2052,19,,,0,70,,2070,19,,,0,30,,2056,19,,,0,70,,2072,19,,,0,30,,2055,19,,,0,70,,2073,19,,,0,29,,2054,19,,,0,69,,2058,19,,,0,30,,2053,19,,,0
3001,'5332',539,,1530,21,,,0,70,,1537,21,,,0,1434,,1539,19,,,0,70,,1538,19,,,0,21,,1542,10,,,0,70,,1540,10,,,0,30,,1544,10,,,0,70,,1543,10,,,0,30,,1541,10,,,0,70,,1533,10,,,0,29,,1532,10,,,0,69,,1535,10,,,0,30,,1529,10,,,0,70,,1531,10,,,0,35,,1534,10,,,0,72,,1536,10,,,0
3001,'5333',539,,2128,21,,,0,70,,2135,21,,,0,1434,,2137,19,,,0,70,,2136,19,,,0,21,,2140,10,,,0,70,,2138,10,,,0,30,,2142,10,,,0,70,,2141,10,,,0,30,,2139,10,,,0,70,,2131,10,,,0,29,,2130,10,,,0,69,,2133,10,,,0,30,,2127,10,,,0,70,,2129,10,,,0,35,,2132,10,,,0,72,,2134,10,,,0
3101,'5332',642,,1638,17,,,0,74,,1635,17,,,0,30,,1631,17,,,0,74,,1625,17,,,0,31,,1629,17,,,0,77,,1628,17,,,0,81,,1634,17,,,0,45,,1618,17,,,0,81,,1619,17,,,0,81,,1633,17,,,0,41,,1621,17,,,0,81,,1622,17,,,0,81,,1620,17,,,0,82,,1632,17,,,0,37,,1636,17,,,0,70,,1637,17,,,0,30,,1623,17,,,0,71,,1630,17,,,0,30,,1640,17,,,0,85,,1626,17,,,0,35,,1624,17,,,0,81,,1639,17,,,0,73,,1627,17,,,0
3101,'5333',642,,2183,17,,,0,74,,2180,17,,,0,30,,2176,17,,,0,74,,2170,17,,,0,31,,2174,17,,,0,77,,2173,17,,,0,81,,2179,17,,,0,45,,2163,17,,,0,81,,2164,17,,,0,81,,2178,17,,,0,41,,2166,17,,,0,81,,2167,17,,,0,81,,2165,17,,,0,82,,2177,17,,,0,37,,2181,17,,,0,70,,2182,17,,,0,30,,2168,17,,,0,71,,2175,17,,,0,30,,2185,17,,,0,85,,2171,17,,,0,35,,2169,17,,,0,81,,2184,17,,,0,73,,2172,17,,,0
24002000,'5332',1729,,1730,24,,,0
24002000,'5333',1729,,2207,24,,,0
