1000,'5332',604,,1086,27,4,,0,24,,1056,27,4,,0,24,,1094,27,4,,0,64,,1059,27,4,,0,25,,1057,27,4,,0,65,,1058,27,4,,0,26,,1061,27,4,,0,25,,1093,27,4,,0,64,,1060,27,4,,0,26,,1064,27,4,,0,65,,1090,27,4,,0,25,,1062,27,4,,0,65,,1066,27,4,,0,25,,1065,27,4,,0,25,,1063,27,4,,0,65,,1067,27,4,,0,29,,1068,30,4,,0,65,,1069,30,4,,0,25,,1070,30,4,,0,67,,1071,30,4,,0,25,,1073,30,4,,0,27,,1074,30,4,,0,68,,1072,30,4,,0,25,,1075,30,4,,0,60,,1077,30,4,,0,21,,1076,30,4,,0,21,,1092,30,4,,0,61,,1080,30,4,,0,20,,1079,30,4,,0,25,,1091,30,4,,0,64,,1081,30,4,,0,30,,1083,30,4,,0,66,,1082,30,4,,0,24,,1085,30,4,,0,67,,1084,30,4,,0,28,,1078,30,4,,0,24,,1088,30,4,,0,65,,1087,30,4,,0,30,,1089,30,4,,0,84,,1095,30,4,,0
1000,'5333',604,,1899,27,4,,0,24,,1869,27,4,,0,24,,1907,27,4,,0,64,,1872,27,4,,0,25,,1870,27,4,,0,65,,1871,27,4,,0,26,,1874,27,4,,0,25,,1906,27,4,,0,64,,1873,27,4,,0,26,,1877,27,4,,0,65,,1903,27,4,,0,25,,1875,27,4,,0,65,,1879,27,4,,0,25,,1878,27,4,,0,25,,1876,27,4,,0,65,,1880,27,4,,0,29,,1881,30,4,,0,65,,1882,30,4,,0,25,,1883,30,4,,0,67,,1884,30,4,,0,25,,1886,30,4,,0,27,,1887,30,4,,0,68,,1885,30,4,,0,25,,1888,30,4,,0,60,,1890,30,4,,0,21,,1889,30,4,,0,21,,1905,30,4,,0,61,,1893,30,4,,0,20,,1892,30,4,,0,25,,1904,30,4,,0,64,,1894,30,4,,0,30,,1896,30,4,,0,66,,1895,30,4,,0,24,,1898,30,4,,0,67,,1897,30,4,,0,28,,1891,30,4,,0,24,,1901,30,4,,0,65,,1900,30,4,,0,30,,1902,30,4,,0,84,,1908,30,4,,0
1001,'5332',605,,1152,1,0,6,0,24,,1122,1,0,6,0,24,,1156,1,0,6,0,64,,1124,1,0,6,0,25,,1125,1,0,6,0,66,,1123,1,0,6,0,26,,1127,1,0,6,0,25,,1160,1,0,6,0,64,,1126,1,0,6,0,26,,1129,1,0,6,0,65,,1161,1,0,6,0,25,,1130,1,0,6,0,65,,1131,1,0,6,0,25,,1128,1,0,6,0,25,,1132,1,,,0,65,,1133,1,,,0,29,,1134,1,,,0,65,,1136,1,,,0,25,,1137,1,,,0,67,,1135,1,,,0,25,,1138,1,,,0,27,,1141,1,,,0,68,,1139,1,,,0,25,,1140,1,,,0,60,,1142,1,,,0,21,,1145,1,,,0,21,,1158,1,,,0,61,,1143,1,,,0,20,,1148,1,,,0,25,,1157,1,,,0,64,,1149,1,,,0,30,,1147,1,,,0,66,,1146,1,,,0,24,,1150,1,,,0,67,,1153,1,,,0,28,,1144,1,,,0,64,,1154,1,,,0,25,,1151,1,,,0,29,,1155,1,,,0,84,,1159,1,,,0
1001,'5333',605,,1939,1,0,6,0,24,,1909,1,0,6,0,24,,1943,1,0,6,0,64,,1911,1,0,6,0,25,,1912,1,0,6,0,66,,1910,1,0,6,0,26,,1914,1,0,6,0,25,,1947,1,0,6,0,64,,1913,1,0,6,0,26,,1916,1,0,6,0,65,,1948,1,0,6,0,25,,1917,1,0,6,0,65,,1918,1,0,6,0,25,,1915,1,0,6,0,25,,1919,1,,,0,65,,1920,1,,,0,29,,1921,1,,,0,65,,1923,1,,,0,25,,1924,1,,,0,67,,1922,1,,,0,25,,1925,1,,,0,27,,1928,1,,,0,68,,1926,1,,,0,25,,1927,1,,,0,60,,1929,1,,,0,21,,1932,1,,,0,21,,1945,1,,,0,61,,1930,1,,,0,20,,1935,1,,,0,25,,1944,1,,,0,64,,1936,1,,,0,30,,1934,1,,,0,66,,1933,1,,,0,24,,1937,1,,,0,67,,1940,1,,,0,28,,1931,1,,,0,64,,1941,1,,,0,25,,1938,1,,,0,29,,1942,1,,,0,84,,1946,1,,,0
3000,'5332',628,,1506,18,4,,0,30,,1498,18,4,,0,1361,,1505,27,4,,0,30,,1507,27,4,,0,70,,1497,27,4,,0,30,,1508,27,4,,0,70,,1510,27,4,,0,30,,1509,27,4,,0,70,,1511,27,4,,0,30,,1504,27,4,,0,69,,1512,27,4,,0,29,,1500,27,4,,0,70,,1502,27,4,,0,30,,1501,27,4,,0,75,,1503,27,4,,0,32,,1496,27,4,,0,82,,1499,27,4,,0
3000,'5333',628,,2120,18,4,,0,30,,2112,18,4,,0,1361,,2119,27,4,,0,30,,2121,27,4,,0,70,,2111,27,4,,0,30,,2122,27,4,,0,70,,2124,27,4,,0,30,,2123,27,4,,0,70,,2125,27,4,,0,30,,2118,27,4,,0,69,,2126,27,4,,0,29,,2114,27,4,,0,70,,2116,27,4,,0,30,,2115,27,4,,0,75,,2117,27,4,,0,32,,2110,27,4,,0,82,,2113,27,4,,0
3001,'5332',517,,1530,3,,,0,30,,1537,3,,,0,1472,,1539,1,,,0,30,,1538,1,,,0,70,,1542,1,,,0,30,,1540,1,,,0,70,,1544,1,,,0,30,,1543,1,,,0,70,,1541,1,,,0,30,,1533,1,,,0,69,,1532,1,,,0,29,,1535,1,,,0,70,,1529,1,,,0,30,,1531,1,,,0,75,,1534,1,,,0,32,,1536,1,,,0
3001,'5333',517,,2128,3,,,0,30,,2135,3,,,0,1472,,2137,1,,,0,30,,2136,1,,,0,70,,2140,1,,,0,30,,2138,1,,,0,70,,2142,1,,,0,30,,2141,1,,,0,70,,2139,1,,,0,30,,2131,1,,,0,69,,2130,1,,,0,29,,2133,1,,,0,70,,2127,1,,,0,30,,2129,1,,,0,75,,2132,1,,,0,32,,2134,1,,,0
3200,'5332',728,,1661,22,4,,0,30,,1662,22,4,,0,71,,1654,22,4,,0,30,,1655,22,4,,0,681,,1656,22,4,,0,70,,1658,22,4,,0,30,,1663,22,4,,0,70,,1659,22,4,,0,30,,1657,22,4,,0,65,,1660,22,4,,0
3200,'5333',728,,2193,22,4,,0,30,,2194,22,4,,0,71,,2186,22,4,,0,30,,2187,22,4,,0,681,,2188,22,4,,0,70,,2190,22,4,,0,30,,2195,22,4,,0,70,,2191,22,4,,0,30,,2189,22,4,,0,65,,2192,22,4,,0
3201,'5332',628,,1686,1,,,0,30,,1680,1,,,0,70,,1684,1,,,0,30,,1687,1,,,0,71,,1683,1,,,0,30,,1682,1,,,0,681,,1679,1,,,0,70,,1688,1,,,0,30,,1685,1,,,0,70,,1678,1,,,0,30,,1681,1,,,0
3201,'5333',628,,2204,1,,,0,30,,2198,1,,,0,70,,2202,1,,,0,30,,2205,1,,,0,71,,2201,1,,,0,30,,2200,1,,,0,681,,2197,1,,,0,70,,2206,1,,,0,30,,2203,1,,,0,70,,2196,1,,,0,30,,2199,1,,,0
