1000,'5332',556,,1086,22,,,0,64,,1056,22,,,0,24,,1094,22,,,0,64,,1059,22,,,0,25,,1057,22,,,0,25,,1058,22,,,0,66,,1061,22,,,0,25,,1093,22,,,0,64,,1060,22,,,0,26,,1064,22,,,0,65,,1090,22,,,0,25,,1062,22,,,0,25,,1066,22,,,0,65,,1065,22,,,0,25,,1063,22,,,0,65,,1067,22,,,0,29,,1068,25,0,5,0,65,,1069,25,0,5,0,25,,1070,25,0,5,0,27,,1071,25,0,5,0,65,,1073,25,0,5,0,27,,1074,25,0,5,0,68,,1072,25,0,5,0,25,,1075,25,0,5,0,60,,1077,25,0,5,0,21,,1076,25,0,5,0,21,,1092,25,0,5,0,61,,1080,25,0,5,0,20,,1079,25,0,5,0,25,,1091,25,0,5,0,64,,1081,25,0,5,0,30,,1083,25,0,5,0,66,,1082,25,0,5,0,24,,1085,25,0,5,0,27,,1084,25,0,5,0,69,,1078,25,0,5,0,24,,1088,25,0,5,0,65,,1087,25,0,5,0,30,,1089,25,0,5,0,84,,1095,25,0,5,0
1000,'5333',556,,1899,22,,,0,64,,1869,22,,,0,24,,1907,22,,,0,64,,1872,22,,,0,25,,1870,22,,,0,25,,1871,22,,,0,66,,1874,22,,,0,25,,1906,22,,,0,64,,1873,22,,,0,26,,1877,22,,,0,65,,1903,22,,,0,25,,1875,22,,,0,25,,1879,22,,,0,65,,1878,22,,,0,25,,1876,22,,,0,65,,1880,22,,,0,29,,1881,25,0,5,0,65,,1882,25,0,5,0,25,,1883,25,0,5,0,27,,1884,25,0,5,0,65,,1886,25,0,5,0,27,,1887,25,0,5,0,68,,1885,25,0,5,0,25,,1888,25,0,5,0,60,,1890,25,0,5,0,21,,1889,25,0,5,0,21,,1905,25,0,5,0,61,,1893,25,0,5,0,20,,1892,25,0,5,0,25,,1904,25,0,5,0,64,,1894,25,0,5,0,30,,1896,25,0,5,0,66,,1895,25,0,5,0,24,,1898,25,0,5,0,27,,1897,25,0,5,0,69,,1891,25,0,5,0,24,,1901,25,0,5,0,65,,1900,25,0,5,0,30,,1902,25,0,5,0,84,,1908,25,0,5,0
1001,'5332',608,,1152,2,0,6,0,24,,1122,2,0,6,0,24,,1156,2,0,6,0,64,,1124,2,0,6,0,25,,1125,2,0,6,0,66,,1123,2,0,6,0,26,,1127,2,0,6,0,65,,1160,2,0,6,0,24,,1126,2,0,6,0,26,,1129,2,0,6,0,65,,1161,2,0,6,0,25,,1130,2,0,6,0,65,,1131,2,0,6,0,25,,1128,2,0,6,0,25,,1132,2,,,0,65,,1133,2,,,0,29,,1134,2,,,0,65,,1136,2,,,0,25,,1137,2,,,0,67,,1135,2,,,0,25,,1138,2,,,0,67,,1141,2,,,0,28,,1139,2,,,0,25,,1140,2,,,0,60,,1142,2,,,0,21,,1145,2,,,0,21,,1158,2,,,0,61,,1143,2,,,0,20,,1148,2,,,0,65,,1157,2,,,0,24,,1149,2,,,0,30,,1147,2,,,0,66,,1146,2,,,0,24,,1150,2,,,0,67,,1153,2,,,0,28,,1144,2,,,0,64,,1154,2,,,0,25,,1151,2,,,0,29,,1155,2,,,0,84,,1159,2,,,0
1001,'5333',608,,1939,2,0,6,0,24,,1909,2,0,6,0,24,,1943,2,0,6,0,64,,1911,2,0,6,0,25,,1912,2,0,6,0,66,,1910,2,0,6,0,26,,1914,2,0,6,0,65,,1947,2,0,6,0,24,,1913,2,0,6,0,26,,1916,2,0,6,0,65,,1948,2,0,6,0,25,,1917,2,0,6,0,65,,1918,2,0,6,0,25,,1915,2,0,6,0,25,,1919,2,,,0,65,,1920,2,,,0,29,,1921,2,,,0,65,,1923,2,,,0,25,,1924,2,,,0,67,,1922,2,,,0,25,,1925,2,,,0,67,,1928,2,,,0,28,,1926,2,,,0,25,,1927,2,,,0,60,,1929,2,,,0,21,,1932,2,,,0,21,,1945,2,,,0,61,,1930,2,,,0,20,,1935,2,,,0,65,,1944,2,,,0,24,,1936,2,,,0,30,,1934,2,,,0,66,,1933,2,,,0,24,,1937,2,,,0,67,,1940,2,,,0,28,,1931,2,,,0,64,,1941,2,,,0,25,,1938,2,,,0,29,,1942,2,,,0,84,,1946,2,,,0
3000,'5332',621,,1506,13,0,5,0,30,,1498,13,0,5,0,1361,,1505,22,,,0,30,,1507,22,,,0,70,,1497,22,,,0,30,,1508,22,,,0,70,,1510,22,,,0,30,,1509,22,,,0,70,,1511,22,,,0,30,,1504,22,,,0,69,,1512,22,,,0,29,,1500,22,,,0,70,,1502,22,,,0,30,,1501,22,,,0,75,,1503,22,,,0,32,,1496,22,,,0,82,,1499,22,,,0
3000,'5333',621,,2120,13,0,5,0,30,,2112,13,0,5,0,1361,,2119,22,,,0,30,,2121,22,,,0,70,,2111,22,,,0,30,,2122,22,,,0,70,,2124,22,,,0,30,,2123,22,,,0,70,,2125,22,,,0,30,,2118,22,,,0,69,,2126,22,,,0,29,,2114,22,,,0,70,,2116,22,,,0,30,,2115,22,,,0,75,,2117,22,,,0,32,,2110,22,,,0,82,,2113,22,,,0
3001,'5332',520,,1530,4,,,0,30,,1537,4,,,0,1472,,1539,2,,,0,30,,1538,2,,,0,70,,1542,2,,,0,30,,1540,2,,,0,70,,1544,2,,,0,30,,1543,2,,,0,70,,1541,2,,,0,30,,1533,2,,,0,69,,1532,2,,,0,29,,1535,2,,,0,70,,1529,2,,,0,30,,1531,2,,,0,75,,1534,2,,,0,32,,1536,2,,,0
3001,'5333',520,,2128,4,,,0,30,,2135,4,,,0,1472,,2137,2,,,0,30,,2136,2,,,0,70,,2140,2,,,0,30,,2138,2,,,0,70,,2142,2,,,0,30,,2141,2,,,0,70,,2139,2,,,0,30,,2131,2,,,0,69,,2130,2,,,0,29,,2133,2,,,0,70,,2127,2,,,0,30,,2129,2,,,0,75,,2132,2,,,0,32,,2134,2,,,0
3200,'5332',721,,1661,17,,,0,30,,1662,17,,,0,71,,1654,17,,,0,30,,1655,17,,,0,681,,1656,17,,,0,70,,1658,17,,,0,30,,1663,17,,,0,70,,1659,17,,,0,30,,1657,17,,,0,25,,1660,17,,,0
3200,'5333',721,,2193,17,,,0,30,,2194,17,,,0,71,,2186,17,,,0,30,,2187,17,,,0,681,,2188,17,,,0,70,,2190,17,,,0,30,,2195,17,,,0,70,,2191,17,,,0,30,,2189,17,,,0,25,,2192,17,,,0
3201,'5332',631,,1686,2,,,0,70,,1680,2,,,0,30,,1684,2,,,0,70,,1687,2,,,0,31,,1683,2,,,0,70,,1682,2,,,0,641,,1679,2,,,0,70,,1688,2,,,0,30,,1685,2,,,0,70,,1678,2,,,0,30,,1681,2,,,0
3201,'5333',631,,2204,2,,,0,70,,2198,2,,,0,30,,2202,2,,,0,70,,2205,2,,,0,31,,2201,2,,,0,70,,2200,2,,,0,641,,2197,2,,,0,70,,2206,2,,,0,30,,2203,2,,,0,70,,2196,2,,,0,30,,2199,2,,,0
