601,'5332',607,,910,16,,,0,30,,911,16,,,0,70,,912,16,,,0,30,,913,16,,,0,72,,905,16,,,0,30,,906,16,,,0,75,,907,16,,,0,30,,908,16,,,0,71,,918,16,,,0,30,,909,16,,,0,70,,914,16,,,0,30,,915,16,,,0,73,,916,16,,,0,30,,919,16,,,0,70,,917,16,,,0,30,,920,16,,,0,70,,921,16,,,0,30,,923,16,,,0,70,,922,16,,,0,31,,924,16,,,0,70,,925,16,,,0,31,,926,16,,,0,69,,927,16,,,0,30,,929,16,,,0,70,,928,16,,,0,30,,930,16,,,0,70,,932,16,,,0,21,,931,16,,,0,79,,933,16,,,0,29,,934,16,,,0,70,,944,16,,,0,30,,943,16,,,0,70,,942,16,,,0,30,,941,16,,,0,70,,940,16,,,0,29,,938,16,,,0,70,,939,16,,,0,30,,936,16,,,0,72,,935,16,,,0,30,,937,16,,,0
601,'5333',607,,1792,16,,,0,30,,1793,16,,,0,70,,1794,16,,,0,30,,1795,16,,,0,72,,1787,16,,,0,30,,1788,16,,,0,75,,1789,16,,,0,30,,1790,16,,,0,71,,1800,16,,,0,30,,1791,16,,,0,70,,1796,16,,,0,30,,1797,16,,,0,73,,1798,16,,,0,30,,1801,16,,,0,70,,1799,16,,,0,30,,1802,16,,,0,70,,1803,16,,,0,30,,1805,16,,,0,70,,1804,16,,,0,31,,1806,16,,,0,70,,1807,16,,,0,31,,1808,16,,,0,69,,1809,16,,,0,30,,1811,16,,,0,70,,1810,16,,,0,30,,1812,16,,,0,70,,1814,16,,,0,30,,1813,16,,,0,70,,1815,16,,,0,29,,1816,16,,,0,70,,1826,16,,,0,30,,1825,16,,,0,70,,1824,16,,,0,30,,1823,16,,,0,70,,1822,16,,,0,29,,1820,16,,,0,70,,1821,16,,,0,30,,1818,16,,,0,72,,1817,16,,,0,30,,1819,16,,,0
1000,'5332',545,,1086,13,,,0,64,,1056,13,,,0,24,,1094,13,,,0,24,,1059,13,,,0,65,,1057,13,,,0,25,,1058,13,,,0,66,,1061,13,,,0,25,,1093,13,,,0,64,,1060,13,,,0,26,,1064,13,,,0,25,,1090,13,,,0,65,,1062,13,,,0,25,,1066,13,,,0,65,,1065,13,,,0,25,,1063,13,,,0,25,,1067,13,,,0,69,,1068,16,0,5,0,25,,1069,16,0,5,0,65,,1070,16,0,5,0,27,,1071,16,0,5,0,65,,1073,16,0,5,0,26,,1074,16,0,5,0,68,,1072,16,0,5,0,25,,1075,16,0,5,0,20,,1077,16,0,5,0,61,,1076,16,0,5,0,20,,1092,16,0,5,0,21,,1080,16,0,5,0,60,,1079,16,0,5,0,25,,1091,16,0,5,0,65,,1081,16,0,5,0,30,,1083,16,0,5,0,26,,1082,16,0,5,0,64,,1085,16,0,5,0,28,,1084,16,0,5,0,69,,1078,16,0,5,0,24,,1088,16,0,5,0,65,,1087,16,0,5,0,30,,1089,16,0,5,0,84,,1095,16,0,5,0
1000,'5333',545,,1899,13,,,0,64,,1869,13,,,0,24,,1907,13,,,0,24,,1872,13,,,0,65,,1870,13,,,0,25,,1871,13,,,0,66,,1874,13,,,0,25,,1906,13,,,0,64,,1873,13,,,0,26,,1877,13,,,0,25,,1903,13,,,0,65,,1875,13,,,0,25,,1879,13,,,0,65,,1878,13,,,0,25,,1876,13,,,0,25,,1880,13,,,0,69,,1881,16,0,5,0,25,,1882,16,0,5,0,65,,1883,16,0,5,0,27,,1884,16,0,5,0,65,,1886,16,0,5,0,26,,1887,16,0,5,0,68,,1885,16,0,5,0,25,,1888,16,0,5,0,20,,1890,16,0,5,0,61,,1889,16,0,5,0,20,,1905,16,0,5,0,21,,1893,16,0,5,0,60,,1892,16,0,5,0,25,,1904,16,0,5,0,65,,1894,16,0,5,0,30,,1896,16,0,5,0,26,,1895,16,0,5,0,64,,1898,16,0,5,0,28,,1897,16,0,5,0,69,,1891,16,0,5,0,24,,1901,16,0,5,0,65,,1900,16,0,5,0,30,,1902,16,0,5,0,84,,1908,16,0,5,0
2000,'5332',536,,1206,19,,,0,70,,1209,19,,,0,29,,1207,19,,,0,70,,1208,19,,,0,30,,1212,19,,,0,70,,1211,19,,,0,30,,1210,19,,,0,70,,1213,19,,,0,31,,1215,19,,,0,69,,1214,19,,,0,30,,1216,19,,,0,69,,1218,19,,,0,30,,1217,19,,,0,75,,1249,26,,,0,30,,1220,26,,,0,70,,1221,26,,,0,30,,1219,26,,,0,70,,1222,26,,,0,30,,1225,26,,,0,72,,1224,26,,,0,30,,1223,26,,,0,70,,1226,26,,,0,30,,1227,26,,,0,70,,1228,26,,,0,30,,1229,26,,,0,70,,1230,26,,,0,29,,1231,26,,,0,67,,1233,26,,,0,30,,1232,26,,,0,70,,1236,26,,,0,30,,1234,26,,,0,70,,1235,26,,,0,30,,1248,26,,,0,70,,1247,26,,,0,30,,1246,26,,,0,70,,1245,26,,,0,26,,1244,19,,,0,69,,1243,19,,,0,30,,1242,19,,,0,70,,1241,19,,,0,30,,1238,19,,,0,26,,1240,19,,,0,67,,1237,19,,,0,30,,1239,19,,,0
2000,'5333',536,,1949,19,,,0,70,,1952,19,,,0,29,,1950,19,,,0,70,,1951,19,,,0,30,,1955,19,,,0,70,,1954,19,,,0,30,,1953,19,,,0,70,,1956,19,,,0,31,,1958,19,,,0,69,,1957,19,,,0,30,,1959,19,,,0,69,,1961,19,,,0,30,,1960,19,,,0,75,,1992,26,,,0,30,,1963,26,,,0,70,,1964,26,,,0,30,,1962,26,,,0,70,,1965,26,,,0,30,,1968,26,,,0,72,,1967,26,,,0,30,,1966,26,,,0,70,,1969,26,,,0,30,,1970,26,,,0,70,,1971,26,,,0,30,,1972,26,,,0,70,,1973,26,,,0,29,,1974,26,,,0,67,,1976,26,,,0,30,,1975,26,,,0,70,,1979,26,,,0,30,,1977,26,,,0,70,,1978,26,,,0,30,,1991,26,,,0,70,,1990,26,,,0,30,,1989,26,,,0,70,,1988,26,,,0,26,,1987,19,,,0,69,,1986,19,,,0,30,,1985,19,,,0,70,,1984,19,,,0,30,,1981,19,,,0,26,,1983,19,,,0,67,,1980,19,,,0,30,,1982,19,,,0
2100,'5332',744,,1373,17,,,0,70,,1391,17,,,0,30,,1375,17,,,0,72,,1393,17,,,0,30,,1376,17,,,0,70,,1394,17,,,0,30,,1374,17,,,0,70,,1395,17,,,0,30,,1378,17,,,0,70,,1398,17,,,0,33,,1377,17,,,0,70,,1397,17,,,0,30,,1379,17,,,0,70,,1400,17,,,0,31,,1380,17,,,0,70,,1396,17,,,0,30,,1381,17,,,0,70,,1399,17,,,0,30,,1382,17,,,0,70,,1401,17,,,0,30,,1383,17,,,0,70,,1402,17,,,0,28,,1384,17,,,0,70,,1403,17,,,0,30,,1385,17,,,0,70,,1405,17,,,0,30,,1386,17,,,0,70,,1404,17,,,0,30,,1390,17,,,0,70,,1406,17,,,0,30,,1389,17,,,0,70,,1407,17,,,0,29,,1388,17,,,0,69,,1392,17,,,0,30,,1387,17,,,0
2100,'5333',744,,2039,17,,,0,70,,2057,17,,,0,30,,2041,17,,,0,72,,2059,17,,,0,30,,2042,17,,,0,70,,2060,17,,,0,30,,2040,17,,,0,70,,2061,17,,,0,30,,2044,17,,,0,70,,2064,17,,,0,33,,2043,17,,,0,70,,2063,17,,,0,30,,2045,17,,,0,70,,2066,17,,,0,31,,2046,17,,,0,70,,2062,17,,,0,30,,2047,17,,,0,70,,2065,17,,,0,30,,2048,17,,,0,70,,2067,17,,,0,30,,2049,17,,,0,70,,2068,17,,,0,28,,2050,17,,,0,70,,2069,17,,,0,30,,2051,17,,,0,70,,2071,17,,,0,30,,2052,17,,,0,70,,2070,17,,,0,30,,2056,17,,,0,70,,2072,17,,,0,30,,2055,17,,,0,70,,2073,17,,,0,29,,2054,17,,,0,69,,2058,17,,,0,30,,2053,17,,,0
24002000,'5332',1726,,1730,22,,,0
24002000,'5333',1726,,2207,22,,,0
