601,'5332',558,,910,4,,,0,70,,911,4,,,0,29,,912,4,,,0,70,,913,4,,,0,32,,905,4,,,0,70,,906,4,,,0,75,,907,4,,,0,30,,908,4,,,0,71,,918,4,,,0,30,,909,4,,,0,70,,914,4,,,0,30,,915,4,,,0,73,,916,4,,,0,30,,919,4,,,0,70,,917,4,,,0,30,,920,4,,,0,70,,921,4,,,0,30,,923,4,,,0,70,,922,4,,,0,30,,924,4,,,0,70,,925,4,,,0,31,,926,4,,,0,70,,927,4,,,0,30,,929,4,,,0,70,,928,4,,,0,30,,930,4,,,0,70,,932,4,,,0,21,,931,4,,,0,79,,933,4,,,0,29,,934,4,,,0,70,,944,4,,,0,30,,943,4,,,0,70,,942,4,,,0,30,,941,4,,,0,70,,940,4,,,0,30,,938,4,,,0,70,,939,4,,,0,30,,936,4,,,0,72,,935,4,,,0,30,,937,4,,,0
601,'5333',558,,1792,4,,,0,70,,1793,4,,,0,29,,1794,4,,,0,70,,1795,4,,,0,32,,1787,4,,,0,70,,1788,4,,,0,75,,1789,4,,,0,30,,1790,4,,,0,71,,1800,4,,,0,30,,1791,4,,,0,70,,1796,4,,,0,30,,1797,4,,,0,73,,1798,4,,,0,30,,1801,4,,,0,70,,1799,4,,,0,30,,1802,4,,,0,70,,1803,4,,,0,30,,1805,4,,,0,70,,1804,4,,,0,30,,1806,4,,,0,70,,1807,4,,,0,31,,1808,4,,,0,70,,1809,4,,,0,30,,1811,4,,,0,70,,1810,4,,,0,30,,1812,4,,,0,70,,1814,4,,,0,30,,1813,4,,,0,70,,1815,4,,,0,29,,1816,4,,,0,70,,1826,4,,,0,30,,1825,4,,,0,70,,1824,4,,,0,30,,1823,4,,,0,70,,1822,4,,,0,30,,1820,4,,,0,70,,1821,4,,,0,30,,1818,4,,,0,72,,1817,4,,,0,30,,1819,4,,,0
1000,'5332',548,,1086,17,,,0,64,,1056,17,,,0,24,,1094,17,,,0,64,,1059,17,,,0,25,,1057,17,,,0,25,,1058,17,,,0,66,,1061,17,,,0,25,,1093,17,,,0,64,,1060,17,,,0,26,,1064,17,,,0,25,,1090,17,,,0,65,,1062,17,,,0,25,,1066,17,,,0,65,,1065,17,,,0,25,,1063,17,,,0,65,,1067,17,,,0,29,,1068,20,0,5,0,25,,1069,20,0,5,0,65,,1070,20,0,5,0,27,,1071,20,0,5,0,65,,1073,20,0,5,0,26,,1074,20,0,5,0,68,,1072,20,0,5,0,25,,1075,20,0,5,0,20,,1077,20,0,5,0,61,,1076,20,0,5,0,20,,1092,20,0,5,0,21,,1080,20,0,5,0,60,,1079,20,0,5,0,25,,1091,20,0,5,0,65,,1081,20,0,5,0,30,,1083,20,0,5,0,26,,1082,20,0,5,0,64,,1085,20,0,5,0,28,,1084,20,0,5,0,69,,1078,20,0,5,0,24,,1088,20,0,5,0,65,,1087,20,0,5,0,30,,1089,20,0,5,0,84,,1095,20,0,5,0
1000,'5333',548,,1899,17,,,0,64,,1869,17,,,0,24,,1907,17,,,0,64,,1872,17,,,0,25,,1870,17,,,0,25,,1871,17,,,0,66,,1874,17,,,0,25,,1906,17,,,0,64,,1873,17,,,0,26,,1877,17,,,0,25,,1903,17,,,0,65,,1875,17,,,0,25,,1879,17,,,0,65,,1878,17,,,0,25,,1876,17,,,0,65,,1880,17,,,0,29,,1881,20,0,5,0,25,,1882,20,0,5,0,65,,1883,20,0,5,0,27,,1884,20,0,5,0,65,,1886,20,0,5,0,26,,1887,20,0,5,0,68,,1885,20,0,5,0,25,,1888,20,0,5,0,20,,1890,20,0,5,0,61,,1889,20,0,5,0,20,,1905,20,0,5,0,21,,1893,20,0,5,0,60,,1892,20,0,5,0,25,,1904,20,0,5,0,65,,1894,20,0,5,0,30,,1896,20,0,5,0,26,,1895,20,0,5,0,64,,1898,20,0,5,0,28,,1897,20,0,5,0,69,,1891,20,0,5,0,24,,1901,20,0,5,0,65,,1900,20,0,5,0,30,,1902,20,0,5,0,84,,1908,20,0,5,0
3000,'5332',610,,1506,4,0,5,0,30,,1498,4,0,5,0,1314,,1505,4,,,0,70,,1507,4,,,0,30,,1497,4,,,0,70,,1508,4,,,0,30,,1510,4,,,0,70,,1509,4,,,0,30,,1511,4,,,0,70,,1504,4,,,0,30,,1512,4,,,0,70,,1500,4,,,0,30,,1502,4,,,0,70,,1501,4,,,0,35,,1503,4,,,0,72,,1496,4,,,0,82,,1499,4,,,0
3000,'5333',610,,2120,4,0,5,0,30,,2112,4,0,5,0,1314,,2119,4,,,0,70,,2121,4,,,0,30,,2111,4,,,0,70,,2122,4,,,0,30,,2124,4,,,0,70,,2123,4,,,0,30,,2125,4,,,0,70,,2118,4,,,0,30,,2126,4,,,0,70,,2114,4,,,0,30,,2116,4,,,0,70,,2115,4,,,0,35,,2117,4,,,0,72,,2110,4,,,0,82,,2113,4,,,0
3100,'5332',718,,1577,4,,,0,34,,1586,4,,,0,70,,1582,4,,,0,78,,1584,4,,,0,41,,1580,4,,,0,85,,1569,4,,,0,81,,1570,4,,,0,41,,1571,4,,,0,81,,1576,4,,,0,81,,1581,4,,,0,41,,1579,4,,,0,81,,1572,4,,,0,76,,1573,4,,,0,30,,1588,4,,,0,70,,1585,4,,,0,31,,1583,4,,,0,70,,1587,4,,,0,47,,1575,4,,,0,75,,1578,4,,,0,81,,1574,4,,,0
3100,'5333',718,,2151,4,,,0,34,,2160,4,,,0,70,,2156,4,,,0,78,,2158,4,,,0,41,,2154,4,,,0,85,,2143,4,,,0,81,,2144,4,,,0,41,,2145,4,,,0,81,,2150,4,,,0,81,,2155,4,,,0,41,,2153,4,,,0,81,,2146,4,,,0,76,,2147,4,,,0,30,,2162,4,,,0,70,,2159,4,,,0,31,,2157,4,,,0,70,,2161,4,,,0,47,,2149,4,,,0,75,,2152,4,,,0,81,,2148,4,,,0
3200,'5332',708,,1661,4,,,0,30,,1662,4,,,0,70,,1654,4,,,0,30,,1655,4,,,0,680,,1656,4,,,0,30,,1658,4,,,0,70,,1663,4,,,0,30,,1659,4,,,0,70,,1657,4,,,0,25,,1660,4,,,0
3200,'5333',708,,2193,4,,,0,30,,2194,4,,,0,70,,2186,4,,,0,30,,2187,4,,,0,680,,2188,4,,,0,30,,2190,4,,,0,70,,2195,4,,,0,30,,2191,4,,,0,70,,2189,4,,,0,25,,2192,4,,,0
