601,'5332',608,,910,17,,,0,30,,911,17,,,0,69,,912,17,,,0,30,,913,17,,,0,72,,905,17,,,0,30,,906,17,,,0,75,,907,17,,,0,30,,908,17,,,0,71,,918,17,,,0,30,,909,17,,,0,70,,914,17,,,0,30,,915,17,,,0,73,,916,17,,,0,30,,919,17,,,0,70,,917,17,,,0,30,,920,17,,,0,70,,921,17,,,0,30,,923,17,,,0,70,,922,17,,,0,32,,924,17,,,0,70,,925,17,,,0,31,,926,17,,,0,68,,927,17,,,0,30,,929,17,,,0,70,,928,17,,,0,30,,930,17,,,0,70,,932,17,,,0,21,,931,17,,,0,79,,933,17,,,0,29,,934,17,,,0,70,,944,17,,,0,30,,943,17,,,0,70,,942,17,,,0,30,,941,17,,,0,70,,940,17,,,0,30,,938,17,,,0,70,,939,17,,,0,30,,936,17,,,0,72,,935,17,,,0,30,,937,17,,,0
601,'5333',608,,1792,17,,,0,30,,1793,17,,,0,69,,1794,17,,,0,30,,1795,17,,,0,72,,1787,17,,,0,30,,1788,17,,,0,75,,1789,17,,,0,30,,1790,17,,,0,71,,1800,17,,,0,30,,1791,17,,,0,70,,1796,17,,,0,30,,1797,17,,,0,73,,1798,17,,,0,30,,1801,17,,,0,70,,1799,17,,,0,30,,1802,17,,,0,70,,1803,17,,,0,30,,1805,17,,,0,70,,1804,17,,,0,32,,1806,17,,,0,70,,1807,17,,,0,31,,1808,17,,,0,68,,1809,17,,,0,30,,1811,17,,,0,70,,1810,17,,,0,30,,1812,17,,,0,70,,1814,17,,,0,30,,1813,17,,,0,70,,1815,17,,,0,29,,1816,17,,,0,70,,1826,17,,,0,30,,1825,17,,,0,70,,1824,17,,,0,30,,1823,17,,,0,70,,1822,17,,,0,30,,1820,17,,,0,70,,1821,17,,,0,30,,1818,17,,,0,72,,1817,17,,,0,30,,1819,17,,,0
1000,'5332',545,,1086,14,,,0,64,,1056,14,,,0,24,,1094,14,,,0,24,,1059,14,,,0,65,,1057,14,,,0,25,,1058,14,,,0,66,,1061,14,,,0,25,,1093,14,,,0,64,,1060,14,,,0,26,,1064,14,,,0,25,,1090,14,,,0,65,,1062,14,,,0,25,,1066,14,,,0,65,,1065,14,,,0,25,,1063,14,,,0,25,,1067,14,,,0,69,,1068,17,0,5,0,25,,1069,17,0,5,0,65,,1070,17,0,5,0,27,,1071,17,0,5,0,65,,1073,17,0,5,0,26,,1074,17,0,5,0,68,,1072,17,0,5,0,25,,1075,17,0,5,0,20,,1077,17,0,5,0,61,,1076,17,0,5,0,20,,1092,17,0,5,0,21,,1080,17,0,5,0,60,,1079,17,0,5,0,25,,1091,17,0,5,0,65,,1081,17,0,5,0,30,,1083,17,0,5,0,26,,1082,17,0,5,0,64,,1085,17,0,5,0,28,,1084,17,0,5,0,69,,1078,17,0,5,0,24,,1088,17,0,5,0,65,,1087,17,0,5,0,30,,1089,17,0,5,0,84,,1095,17,0,5,0
1000,'5333',545,,1899,14,,,0,64,,1869,14,,,0,24,,1907,14,,,0,24,,1872,14,,,0,65,,1870,14,,,0,25,,1871,14,,,0,66,,1874,14,,,0,25,,1906,14,,,0,64,,1873,14,,,0,26,,1877,14,,,0,25,,1903,14,,,0,65,,1875,14,,,0,25,,1879,14,,,0,65,,1878,14,,,0,25,,1876,14,,,0,25,,1880,14,,,0,69,,1881,17,0,5,0,25,,1882,17,0,5,0,65,,1883,17,0,5,0,27,,1884,17,0,5,0,65,,1886,17,0,5,0,26,,1887,17,0,5,0,68,,1885,17,0,5,0,25,,1888,17,0,5,0,20,,1890,17,0,5,0,61,,1889,17,0,5,0,20,,1905,17,0,5,0,21,,1893,17,0,5,0,60,,1892,17,0,5,0,25,,1904,17,0,5,0,65,,1894,17,0,5,0,30,,1896,17,0,5,0,26,,1895,17,0,5,0,64,,1898,17,0,5,0,28,,1897,17,0,5,0,69,,1891,17,0,5,0,24,,1901,17,0,5,0,65,,1900,17,0,5,0,30,,1902,17,0,5,0,84,,1908,17,0,5,0
2000,'5332',537,,1206,20,,,0,70,,1209,20,,,0,28,,1207,20,,,0,70,,1208,20,,,0,30,,1212,20,,,0,70,,1211,20,,,0,30,,1210,20,,,0,70,,1213,20,,,0,31,,1215,20,,,0,69,,1214,20,,,0,30,,1216,20,,,0,69,,1218,20,,,0,30,,1217,20,,,0,76,,1249,27,,,0,30,,1220,27,,,0,70,,1221,27,,,0,30,,1219,27,,,0,70,,1222,27,,,0,30,,1225,27,,,0,72,,1224,27,,,0,30,,1223,27,,,0,70,,1226,27,,,0,30,,1227,27,,,0,70,,1228,27,,,0,30,,1229,27,,,0,70,,1230,27,,,0,29,,1231,27,,,0,67,,1233,27,,,0,30,,1232,27,,,0,70,,1236,27,,,0,30,,1234,27,,,0,70,,1235,27,,,0,30,,1248,27,,,0,70,,1247,27,,,0,30,,1246,27,,,0,70,,1245,27,,,0,26,,1244,20,,,0,69,,1243,20,,,0,30,,1242,20,,,0,70,,1241,20,,,0,30,,1238,20,,,0,26,,1240,20,,,0,67,,1237,20,,,0,30,,1239,20,,,0
2000,'5333',537,,1949,20,,,0,70,,1952,20,,,0,28,,1950,20,,,0,70,,1951,20,,,0,30,,1955,20,,,0,70,,1954,20,,,0,30,,1953,20,,,0,70,,1956,20,,,0,31,,1958,20,,,0,69,,1957,20,,,0,30,,1959,20,,,0,69,,1961,20,,,0,30,,1960,20,,,0,76,,1992,27,,,0,30,,1963,27,,,0,70,,1964,27,,,0,30,,1962,27,,,0,70,,1965,27,,,0,30,,1968,27,,,0,72,,1967,27,,,0,30,,1966,27,,,0,70,,1969,27,,,0,30,,1970,27,,,0,70,,1971,27,,,0,30,,1972,27,,,0,70,,1973,27,,,0,29,,1974,27,,,0,67,,1976,27,,,0,30,,1975,27,,,0,70,,1979,27,,,0,30,,1977,27,,,0,70,,1978,27,,,0,30,,1991,27,,,0,70,,1990,27,,,0,30,,1989,27,,,0,70,,1988,27,,,0,26,,1987,20,,,0,69,,1986,20,,,0,30,,1985,20,,,0,70,,1984,20,,,0,30,,1981,20,,,0,26,,1983,20,,,0,67,,1980,20,,,0,30,,1982,20,,,0
2100,'5332',744,,1373,18,,,0,70,,1391,18,,,0,30,,1375,18,,,0,72,,1393,18,,,0,30,,1376,18,,,0,70,,1394,18,,,0,30,,1374,18,,,0,70,,1395,18,,,0,30,,1378,18,,,0,70,,1398,18,,,0,34,,1377,18,,,0,70,,1397,18,,,0,30,,1379,18,,,0,70,,1400,18,,,0,31,,1380,18,,,0,70,,1396,18,,,0,30,,1381,18,,,0,70,,1399,18,,,0,30,,1382,18,,,0,70,,1401,18,,,0,30,,1383,18,,,0,70,,1402,18,,,0,28,,1384,18,,,0,70,,1403,18,,,0,30,,1385,18,,,0,70,,1405,18,,,0,30,,1386,18,,,0,70,,1404,18,,,0,30,,1390,18,,,0,70,,1406,18,,,0,30,,1389,18,,,0,70,,1407,18,,,0,29,,1388,18,,,0,69,,1392,18,,,0,30,,1387,18,,,0
2100,'5333',744,,2039,18,,,0,70,,2057,18,,,0,30,,2041,18,,,0,72,,2059,18,,,0,30,,2042,18,,,0,70,,2060,18,,,0,30,,2040,18,,,0,70,,2061,18,,,0,30,,2044,18,,,0,70,,2064,18,,,0,34,,2043,18,,,0,70,,2063,18,,,0,30,,2045,18,,,0,70,,2066,18,,,0,31,,2046,18,,,0,70,,2062,18,,,0,30,,2047,18,,,0,70,,2065,18,,,0,30,,2048,18,,,0,70,,2067,18,,,0,30,,2049,18,,,0,70,,2068,18,,,0,28,,2050,18,,,0,70,,2069,18,,,0,30,,2051,18,,,0,70,,2071,18,,,0,30,,2052,18,,,0,70,,2070,18,,,0,30,,2056,18,,,0,70,,2072,18,,,0,30,,2055,18,,,0,70,,2073,18,,,0,29,,2054,18,,,0,69,,2058,18,,,0,30,,2053,18,,,0
24002000,'5332',1727,,1730,23,,,0
24002000,'5333',1727,,2207,23,,,0
